325.00 119.00
389.00 103.00
267.00 155.00
384.00 156.00
836.00 63.00
1120.00 90.00
809.00 159.00
1070.00 150.00
209.00 216.00
331.00 204.00
133.00 265.00
624.00 270.00
690.00 200.00
1005.00 201.00
661.00 235.00
939.00 253.00
1710.00 76.00
1780.00 27.00
1613.00 156.00
2167.00 174.00
2256.00 94.00
2785.00 100.00
2205.00 145.00
2724.00 165.00
1537.00 223.00
2122.00 221.00
1477.00 271.00
2095.00 276.00
2548.00 246.00
2655.00 225.00
2443.00 279.00
2662.00 274.00
168.00 323.00
505.00 330.00
214.00 371.00
434.00 373.00
898.00 319.00
1323.00 337.00
867.00 401.00
1254.00 374.00
564.00 630.00
586.00 600.00
560.00 670.00
587.00 692.00
672.00 511.00
791.00 479.00
655.00 634.00
741.00 574.00
1454.00 305.00
1780.00 307.00
1472.00 318.00
1759.00 319.00
2135.00 301.00
2534.00 301.00
2110.00 317.00
2567.00 316.00
1530.00 339.00
1780.00 338.00
1472.00 373.00
1770.00 359.00
1999.00 327.00
2281.00 327.00
2001.00 333.00
2193.00 332.00
